[1mdiff --git a/.package.json.swp b/.package.json.swp[m
[1mindex f4c30d8..85cf27f 100644[m
Binary files a/.package.json.swp and b/.package.json.swp differ
[1mdiff --git a/src/assets/map/map1.tmx b/src/assets/map/map1.tmx[m
[1mindex 9704ba8..6e3c317 100644[m
[1m--- a/src/assets/map/map1.tmx[m
[1m+++ b/src/assets/map/map1.tmx[m
[36m@@ -1,16 +1,110 @@[m
 <?xml version="1.0" encoding="UTF-8"?>[m
[31m-<map version="1.0" tiledversion="1.1.2" orientation="orthogonal" renderorder="right-down" width="48" height="48" tilewidth="9" tileheight="9" infinite="0" nextobjectid="1">[m
[32m+[m[32m<map version="1.5" tiledversion="1.7.2" orientation="orthogonal" renderorder="right-down" width="48" height="48" tilewidth="9" tileheight="9" infinite="0" nextlayerid="3" nextobjectid="1">[m
  <tileset firstgid="1" name="tileset" tilewidth="9" tileheight="9" tilecount="100" columns="10">[m
   <image source="../img/tileset.png" width="96" height="96"/>[m
  </tileset>[m
[31m- <layer name="Ground" width="48" height="48">[m
[31m-  <data encoding="base64" compression="zlib">[m
[31m-   eJzt1csKgCAQQFFNhDb5/59rQkGELmYSnIm7OLi9Dj5iCCECE+WO1U3a/nTaDTRJ+9NP5u+x/7mPth4GWr70eyXpL6/VAvrXdUvfIEv97b/aOu59lAEr/XnQny6r+7T9nuYvvQOW+jU891s7P9rZ008/AAAAAAAAgHkqy6sLnQ==[m
[31m-  </data>[m
[32m+[m[32m <layer id="1" name="Ground" width="48" height="48">[m
[32m+[m[32m  <data encoding="csv">[m
[32m+[m[32m1,1,1,1,1,1,1,1,1,1,1,1,1,1,1,1,1,1,1,1,1,1,1,1,1,1,1,1,1,1,1,1,1,1,1,1,1,1,1,1,1,1,1,1,1,1,1,1,[m
[32m+[m[32m1,1,1,1,1,1,1,1,1,1,1,1,1,1,1,1,1,1,1,1,1,1,1,1,1,1,1,1,1,1,1,1,1,1,1,1,1,1,1,1,1,1,1,1,1,1,1,1,[m
[32m+[m[32m1,1,1,1,1,1,1,1,1,1,1,1,1,1,1,1,1,1,1,1,1,1,1,1,1,1,1,1,1,1,1,1,1,1,1,1,1,1,1,1,1,1,1,1,1,1,1,1,[m
[32m+[m[32m1,1,1,1,1,5,5,5,5,5,1,1,1,1,1,1,1,1,1,1,1,1,1,1,1,1,1,1,1,1,1,1,1,1,1,1,1,1,1,1,1,1,1,1,1,1,1,1,[m
[32m+[m[32m1,1,1,1,1,5,5,5,3,8,1,1,1,1,1,1,1,1,1,1,1,1,1,1,1,1,1,1,1,1,1,1,1,1,1,1,1,1,1,1,1,1,1,1,1,1,1,1,[m
[32m+[m[32m1,1,1,1,1,5,3,5,5,5,1,1,1,1,1,1,1,1,1,1,1,1,1,1,1,1,1,1,1,1,1,1,1,1,1,1,1,1,1,1,1,1,1,1,1,1,1,1,[m
[32m+[m[32m1,1,1,1,1,5,5,5,5,5,1,1,1,1,1,1,1,1,1,1,1,1,1,1,1,1,1,1,1,1,1,1,1,1,1,1,1,1,1,1,1,1,1,1,1,1,1,1,[m
[32m+[m[32m1,1,1,1,1,1,1,5,1,13,1,1,1,1,1,1,1,1,1,1,1,1,1,1,1,1,1,1,1,1,1,1,1,1,1,1,1,1,1,1,1,1,1,1,1,1,1,1,[m
[32m+[m[32m1,1,1,1,1,1,1,5,1,1,1,1,1,1,1,1,1,1,1,1,1,1,1,1,1,1,1,1,1,1,1,1,1,1,1,1,1,1,1,1,1,1,1,1,1,1,1,1,[m
[32m+[m[32m1,1,1,1,1,1,1,5,1,1,1,1,1,1,1,1,1,1,14,1,14,1,1,1,1,1,1,1,1,1,1,1,1,1,1,1,1,1,1,1,1,1,1,1,1,1,1,1,[m
[32m+[m[32m1,1,1,1,1,1,1,5,1,1,1,1,1,1,1,1,1,1,14,1,14,1,1,1,1,1,1,1,1,1,1,1,1,1,1,1,1,1,1,1,1,1,1,1,1,1,1,1,[m
[32m+[m[32m1,1,1,1,1,1,1,5,1,1,1,1,1,1,1,1,1,1,14,1,14,1,1,1,1,1,1,1,1,1,1,1,1,1,1,1,1,1,1,1,1,1,1,1,1,1,1,1,[m
[32m+[m[32m1,1,1,1,1,5,5,5,5,5,5,1,1,1,1,1,1,1,14,1,14,1,1,1,1,1,1,1,1,1,1,1,1,1,1,1,1,1,1,1,1,1,1,1,1,1,1,1,[m
[32m+[m[32m1,1,1,1,1,8,2,2,2,2,2,5,5,14,14,14,14,14,14,1,14,1,1,1,1,1,1,1,1,1,1,1,1,1,1,1,1,1,1,1,1,1,1,1,1,1,1,1,[m
[32m+[m[32m1,1,1,1,1,5,2,2,2,2,2,3,3,1,1,1,1,1,1,1,1,1,1,1,1,1,1,1,1,1,1,1,1,1,1,1,1,1,1,1,1,1,1,1,1,1,1,1,[m
[32m+[m[32m1,1,1,1,1,5,2,2,2,2,2,5,5,14,14,14,14,14,14,1,14,1,1,1,1,1,1,1,1,1,1,1,1,1,1,1,1,1,1,1,1,1,1,1,1,1,1,1,[m
[32m+[m[32m1,1,1,1,1,5,5,5,5,5,5,5,1,1,1,1,1,1,14,1,14,1,1,1,1,1,1,1,1,1,1,1,1,1,1,1,1,1,1,1,1,1,1,1,1,1,1,1,[m
[32m+[m[32m1,1,1,1,1,1,1,1,1,1,1,1,1,1,1,1,1,1,14,1,14,1,1,1,1,1,1,1,1,1,1,1,1,1,1,1,1,1,1,1,1,1,1,1,1,1,1,1,[m
[32m+[m[32m1,1,1,1,1,1,1,1,1,1,1,1,1,1,1,1,1,14,14,1,14,1,1,1,1,1,1,1,1,1,1,1,1,1,1,1,1,1,1,1,1,1,1,1,1,1,1,1,[m
[32m+[m[32m1,1,1,1,1,1,1,1,1,1,1,1,1,1,1,1,1,14,1,1,14,1,1,1,1,1,1,1,1,1,1,1,1,1,1,1,1,1,1,1,1,1,1,1,1,1,1,1,[m
[32m+[m[32m1,1,1,1,1,1,1,1,1,1,1,1,1,1,1,1,1,14,1,1,14,1,1,1,1,1,1,1,1,1,1,1,1,1,1,1,1,1,1,1,1,1,1,1,1,1,1,1,[m
[32m+[m[32m1,1,1,1,1,1,1,1,1,1,1,1,1,1,1,1,1,14,1,1,14,1,1,1,1,1,1,1,1,1,1,1,1,1,1,1,1,1,1,1,1,1,1,1,1,1,1,1,[m
[32m+[m[32m1,1,1,1,1,1,1,1,1,1,1,1,1,1,1,1,1,1,1,1,1,1,1,1,1,1,1,1,1,1,1,1,1,1,1,1,1,1,1,1,1,1,1,1,1,1,1,1,[m
[32m+[m[32m1,1,1,1,1,1,1,1,1,1,1,1,1,1,1,1,1,1,1,1,1,1,1,1,1,1,1,1,1,1,1,1,1,1,1,1,1,1,1,1,1,1,1,1,1,1,1,1,[m
[32m+[m[32m1,1,1,1,1,1,1,1,1,1,1,1,1,1,1,1,1,1,1,1,1,1,1,1,1,1,1,1,1,1,1,1,1,1,1,1,1,1,1,1,1,1,1,1,1,1,1,1,[m
[32m+[m[32m1,1,1,1,1,1,1,1,1,1,1,1,1,1,1,1,1,1,1,1,1,1,1,1,1,1,1,1,1,1,1,1,1,1,1,1,1,1,1,1,1,1,1,1,1,1,1,1,[m
[32m+[m[32m1,1,1,1,1,1,1,1,1,1,1,1,1,1,1,1,1,1,1,1,1,1,1,1,1,1,1,1,1,1,1,1,1,1,1,1,1,1,1,1,1,1,1,1,1,1,1,1,[m
[32m+[m[32m1,1,1,1,1,1,1,1,1,1,1,1,1,1,1,1,1,1,1,1,1,1,1,1,1,1,1,1,1,1,1,1,1,1,1,1,1,1,1,1,1,1,1,1,1,1,1,1,[m
[32m+[m[32m1,1,1,1,1,1,1,1,1,1,1,1,1,1,1,1,1,1,1,1,1,1,1,1,1,1,1,1,1,1,1,1,1,1,1,1,1,1,1,1,1,1,1,1,1,1,1,1,[m
[32m+[m[32m1,1,1,1,1,1,1,1,1,1,1,1,1,1,1,1,1,1,1,1,1,1,1,1,1,1,1,1,1,1,1,1,1,1,1,1,1,1,1,1,1,1,1,1,1,1,1,1,[m
[32m+[m[32m1,1,1,1,1,1,1,1,1,1,1,1,1,1,1,1,1,1,1,1,1,1,1,1,1,1,1,1,1,1,1,1,1,1,1,1,1,1,1,1,1,1,1,1,1,1,1,1,[m
[32m+[m[32m1,1,1,1,1,1,1,1,1,1,1,1,1,1,1,1,1,1,1,1,1,1,1,1,1,1,1,1,1,1,1,1,1,1,1,1,1,1,1,1,1,1,1,1,1,1,1,1,[m
[32m+[m[32m1,1,1,1,1,1,1,1,1,1,1,1,1,1,1,1,1,1,1,1,1,1,1,1,1,1,1,1,1,1,1,1,1,1,1,1,1,1,1,1,1,1,1,1,1,1,1,1,[m
[32m+[m[32m1,1,1,1,1,1,1,1,1,1,1,1,1,1,1,1,1,1,1,1,1,1,1,1,1,1,1,1,1,1,1,1,1,1,1,1,1,1,1,1,1,1,1,1,1,1,1,1,[m
[32m+[m[32m1,1,1,1,1,1,1,1,1,1,1,1,1,1,1,1,1,1,1,1,1,1,1,1,1,1,1,1,1,1,1,1,1,1,1,1,1,1,1,1,1,1,1,1,1,1,1,1,[m
[32m+[m[32m1,1,1,1,1,1,1,1,1,1,1,1,1,1,1,1,1,1,1,1,1,1,1,1,1,1,1,1,1,1,1,1,1,1,1,1,1,1,1,1,1,1,1,1,1,1,1,1,[m
[32m+[m[32m1,1,1,1,1,1,1,1,1,1,1,1,1,1,1,1,1,1,1,1,1,1,1,1,1,1,1,1,1,1,1,1,1,1,1,1,1,1,1,1,1,1,1,1,1,1,1,1,[m
[32m+[m[32m1,1,1,1,1,1,1,1,1,1,1,1,1,1,1,1,1,1,1,1,1,1,1,1,1,1,1,1,1,1,1,1,1,1,1,1,1,1,1,1,1,1,1,1,1,1,1,1,[m
[32m+[m[32m1,1,1,1,1,1,1,1,1,1,1,1,1,1,1,1,1,1,1,1,1,1,1,1,1,1,1,1,1,1,1,1,1,1,1,1,1,1,1,1,1,1,1,1,1,1,1,1,[m
[32m+[m[32m1,1,1,1,1,1,1,1,1,1,1,1,1,1,1,1,1,1,1,1,1,1,1,1,1,1,1,1,1,1,1,1,1,1,1,1,1,1,1,1,1,1,1,1,1,1,1,1,[m
[32m+[m[32m1,1,1,1,1,1,1,1,1,1,1,1,1,1,1,1,1,1,1,1,1,1,1,1,1,1,1,1,1,1,1,1,1,1,1,1,1,1,1,1,1,1,1,1,1,1,1,1,[m
[32m+[m[32m1,1,1,1,1,1,1,1,1,1,1,1,1,1,1,1,1,1,1,1,1,1,1,1,1,1,1,1,1,1,1,1,1,1,1,1,1,1,1,1,1,1,1,1,1,1,1,1,[m
[32m+[m[32m1,1,1,1,1,1,1,1,1,1,1,1,1,1,1,1,1,1,1,1,1,1,1,1,1,1,1,1,1,1,1,1,1,1,1,1,1,1,1,1,1,1,1,1,1,1,1,1,[m
[32m+[m[32m1,1,1,1,1,1,1,1,1,1,1,1,1,1,1,1,1,1,1,1,1,1,1,1,1,1,1,1,1,1,1,1,1,1,1,1,1,1,1,1,1,1,1,1,1,1,1,1,[m
[32m+[m[32m1,1,1,1,1,1,1,1,1,1,1,1,1,1,1,1,1,1,1,1,1,1,1,1,1,1,1,1,1,1,1,1,1,1,1,1,1,1,1,1,1,1,1,1,1,1,1,1,[m
[32m+[m[32m1,1,1,1,1,1,1,1,1,1,1,1,1,1,1,1,1,1,1,1,1,1,1,1,1,1,1,1,1,1,1,1,1,1,1,1,1,1,1,1,1,1,1,1,1,1,1,1,[m
[32m+[m[32m1,1,1,1,1,1,1,1,1,1,1,1,1,1,1,1,1,1,1,1,1,1,1,1,1,1,1,1,1,1,1,1,1,1,1,1,1,1,1,1,1,1,1,1,1,1,1,1,[m
[32m+[m[32m1,1,1,1,1,1,1,1,1,1,1,1,1,1,1,1,1,1,1,1,1,1,1,1,1,1,1,1,1,1,1,1,1,1,1,1,1,1,1,1,1,1,1,1,1,1,1,1[m
[32m+[m[32m</data>[m
  </layer>[m
[31m- <layer name="Walls" width="48" height="48">[m
[31m-  <data encoding="base64" compression="zlib">[m
[31m-   eJzt1UEKgCAURVEXYPvfbjRoImaN0ifnwMfpVRRLYSV1MAmeOvX/Q/9c7Xu91qPk9N9qs6bRP0fv/if9YaPGhH18aUvvX9nu559w/98GAAAAAAB2dwK58wKW[m
[31m-  </data>[m
[32m+[m[32m <layer id="2" name="Walls" width="48" height="48">[m
[32m+[m[32m  <data encoding="csv">[m
[32m+[m[32m0,0,0,0,0,0,0,0,0,0,0,0,0,0,0,0,0,0,0,0,0,0,0,0,0,0,0,0,0,0,0,0,0,0,0,0,0,0,0,0,0,0,0,0,0,0,0,0,[m
[32m+[m[32m0,0,0,0,0,0,0,0,0,0,0,0,0,0,0,0,0,0,0,0,0,0,0,0,0,0,0,0,0,0,0,0,0,0,0,0,0,0,0,0,0,0,0,0,0,0,0,0,[m
[32m+[m[32m0,0,0,0,12,12,12,12,12,12,12,0,0,0,0,0,0,0,0,0,0,0,0,0,0,0,0,0,0,0,0,0,0,0,0,0,0,0,0,0,0,0,0,0,0,0,0,0,[m
[32m+[m[32m0,0,0,0,12,0,0,0,0,0,12,0,0,0,0,0,0,0,0,0,0,0,0,0,0,0,0,0,0,0,0,0,0,0,0,0,0,0,0,0,0,0,0,0,0,0,0,0,[m
[32m+[m[32m0,0,0,0,12,0,0,0,0,0,12,0,0,0,0,0,0,0,0,0,0,0,0,0,0,0,0,0,0,0,0,0,0,0,0,0,0,0,0,0,0,0,0,0,0,0,0,0,[m
[32m+[m[32m0,0,0,0,12,0,0,0,0,0,12,0,0,0,0,0,0,0,0,0,0,0,0,0,0,0,0,0,0,0,0,0,0,0,0,0,0,0,0,0,0,0,0,0,0,0,0,0,[m
[32m+[m[32m0,0,0,0,12,0,0,0,0,0,12,0,0,0,0,0,0,0,0,0,0,0,0,0,0,0,0,0,0,0,0,0,0,0,0,0,0,0,0,0,0,0,0,0,0,0,0,0,[m
[32m+[m[32m0,0,0,0,12,12,12,0,12,13,12,0,0,0,0,0,0,0,0,0,0,0,0,0,0,0,0,0,0,0,0,0,0,0,0,0,0,0,0,0,0,0,0,0,0,0,0,0,[m
[32m+[m[32m0,0,0,0,0,0,12,0,12,0,0,0,0,0,0,0,0,0,0,0,0,0,0,0,0,0,0,0,0,0,0,0,0,0,0,0,0,0,0,0,0,0,0,0,0,0,0,0,[m
[32m+[m[32m0,0,0,0,0,0,12,0,12,0,0,0,0,0,0,0,0,0,0,0,0,0,0,0,0,0,0,0,0,0,0,0,0,0,0,0,0,0,0,0,0,0,0,0,0,0,0,0,[m
[32m+[m[32m0,0,0,0,0,0,12,0,12,0,0,0,0,0,0,0,0,0,0,0,0,0,0,0,0,0,0,0,0,0,0,0,0,0,0,0,0,0,0,0,0,0,0,0,0,0,0,0,[m
[32m+[m[32m0,0,0,0,12,12,12,0,12,12,12,12,0,0,0,0,0,0,0,0,0,0,0,0,0,0,0,0,0,0,0,0,0,0,0,0,0,0,0,0,0,0,0,0,0,0,0,0,[m
[32m+[m[32m0,0,0,0,12,0,0,0,0,0,0,12,12,12,0,0,0,0,0,0,0,0,0,0,0,0,0,0,0,0,0,0,0,0,0,0,0,0,0,0,0,0,0,0,0,0,0,0,[m
[32m+[m[32m0,0,0,0,12,0,0,0,0,0,0,0,0,12,0,0,0,0,0,0,0,0,0,0,0,0,0,0,0,0,0,0,0,0,0,0,0,0,0,0,0,0,0,0,0,0,0,0,[m
[32m+[m[32m0,0,0,0,12,0,0,0,0,0,0,0,0,0,0,0,0,0,0,0,0,0,0,0,0,0,0,0,0,0,0,0,0,0,0,0,0,0,0,0,0,0,0,0,0,0,0,0,[m
[32m+[m[32m0,0,0,0,12,0,0,0,0,0,0,0,0,12,0,0,0,0,0,0,0,0,0,0,0,0,0,0,0,0,0,0,0,0,0,0,0,0,0,0,0,0,0,0,0,0,0,0,[m
[32m+[m[32m0,0,0,0,12,0,0,0,0,0,0,0,12,12,0,0,0,0,0,0,0,0,0,0,0,0,0,0,0,0,0,0,0,0,0,0,0,0,0,0,0,0,0,0,0,0,0,0,[m
[32m+[m[32m0,0,0,0,12,12,12,12,12,12,12,12,12,0,0,0,0,0,0,0,0,0,0,0,0,0,0,0,0,0,0,0,0,0,0,0,0,0,0,0,0,0,0,0,0,0,0,0,[m
[32m+[m[32m0,0,0,0,0,0,0,0,0,0,0,0,0,0,0,0,0,0,0,0,0,0,0,0,0,0,0,0,0,0,0,0,0,0,0,0,0,0,0,0,0,0,0,0,0,0,0,0,[m
[32m+[m[32m0,0,0,0,0,0,0,0,0,0,0,0,0,0,0,0,0,0,0,0,0,0,0,0,0,0,0,0,0,0,0,0,0,0,0,0,0,0,0,0,0,0,0,0,0,0,0,0,[m
[32m+[m[32m0,0,0,0,0,0,0,0,0,0,0,0,0,0,0,0,0,0,0,0,0,0,0,0,0,0,0,0,0,0,0,0,0,0,0,0,0,0,0,0,0,0,0,0,0,0,0,0,[m
[32m+[m[32m0,0,0,0,0,0,0,0,0,0,0,0,0,0,0,0,0,0,0,0,0,0,0,0,0,0,0,0,0,0,0,0,0,0,0,0,0,0,0,0,0,0,0,0,0,0,0,0,[m
[32m+[m[32m0,0,0,0,0,0,0,0,0,0,0,0,0,0,0,0,0,0,0,0,0,0,0,0,0,0,0,0,0,0,0,0,0,0,0,0,0,0,0,0,0,0,0,0,0,0,0,0,[m
[32m+[m[32m0,0,0,0,0,0,0,0,0,0,0,0,0,0,0,0,0,0,0,0,0,0,0,0,0,0,0,0,0,0,0,0,0,0,0,0,0,0,0,0,0,0,0,0,0,0,0,0,[m
[32m+[m[32m0,0,0,0,0,0,0,0,0,0,0,0,0,0,0,0,0,0,0,0,0,0,0,0,0,0,0,0,0,0,0,0,0,0,0,0,0,0,0,0,0,0,0,0,0,0,0,0,[m
[32m+[m[32m0,0,0,0,0,0,0,0,0,0,0,0,0,0,0,0,0,0,0,0,0,0,0,0,0,0,0,0,0,0,0,0,0,0,0,0,0,0,0,0,0,0,0,0,0,0,0,0,[m
[32m+[m[32m0,0,0,0,0,0,0,0,0,0,0,0,0,0,0,0,0,0,0,0,0,0,0,0,0,0,0,0,0,0,0,0,0,0,0,0,0,0,0,0,0,0,0,0,0,0,0,0,[m
[32m+[m[32m0,0,0,0,0,0,0,0,0,0,0,0,0,0,0,0,0,0,0,0,0,0,0,0,0,0,0,0,0,0,0,0,0,0,0,0,0,0,0,0,0,0,0,0,0,0,0,0,[m
[32m+[m[32m0,0,0,0,0,0,0,0,0,0,0,0,0,0,0,0,0,0,0,0,0,0,0,0,0,0,0,0,0,0,0,0,0,0,0,0,0,0,0,0,0,0,0,0,0,0,0,0,[m
[32m+[m[32m0,0,0,0,0,0,0,0,0,0,0,0,0,0,0,0,0,0,0,0,0,0,0,0,0,0,0,0,0,0,0,0,0,0,0,0,0,0,0,0,0,0,0,0,0,0,0,0,[m
[32m+[m[32m0,0,0,0,0,0,0,0,0,0,0,0,0,0,0,0,0,0,0,0,0,0,0,0,0,0,0,0,0,0,0,0,0,0,0,0,0,0,0,0,0,0,0,0,0,0,0,0,[m
[32m+[m[32m0,0,0,0,0,0,0,0,0,0,0,0,0,0,0,0,0,0,0,0,0,0,0,0,0,0,0,0,0,0,0,0,0,0,0,0,0,0,0,0,0,0,0,0,0,0,0,0,[m
[32m+[m[32m0,0,0,0,0,0,0,0,0,0,0,0,0,0,0,0,0,0,0,0,0,0,0,0,0,0,0,0,0,0,0,0,0,0,0,0,0,0,0,0,0,0,0,0,0,0,0,0,[m
[32m+[m[32m0,0,0,0,0,0,0,0,0,0,0,0,0,0,0,0,0,0,0,0,0,0,0,0,0,0,0,0,0,0,0,0,0,0,0,0,0,0,0,0,0,0,0,0,0,0,0,0,[m
[32m+[m[32m0,0,0,0,0,0,0,0,0,0,0,0,0,0,0,0,0,0,0,0,0,0,0,0,0,0,0,0,0,0,0,0,0,0,0,0,0,0,0,0,0,0,0,0,0,0,0,0,[m
[32m+[m[32m0,0,0,0,0,0,0,0,0,0,0,0,0,0,0,0,0,0,0,0,0,0,0,0,0,0,0,0,0,0,0,0,0,0,0,0,0,0,0,0,0,0,0,0,0,0,0,0,[m
[32m+[m[32m0,0,0,0,0,0,0,0,0,0,0,0,0,0,0,0,0,0,0,0,0,0,0,0,0,0,0,0,0,0,0,0,0,0,0,0,0,0,0,0,0,0,0,0,0,0,0,0,[m
[32m+[m[32m0,0,0,0,0,0,0,0,0,0,0,0,0,0,0,0,0,0,0,0,0,0,0,0,0,0,0,0,0,0,0,0,0,0,0,0,0,0,0,0,0,0,0,0,0,0,0,0,[m
[32m+[m[32m0,0,0,0,0,0,0,0,0,0,0,0,0,0,0,0,0,0,0,0,0,0,0,0,0,0,0,0,0,0,0,0,0,0,0,0,0,0,0,0,0,0,0,0,0,0,0,0,[m
[32m+[m[32m0,0,0,0,0,0,0,0,0,0,0,0,0,0,0,0,0,0,0,0,0,0,0,0,0,0,0,0,0,0,0,0,0,0,0,0,0,0,0,0,0,0,0,0,0,0,0,0,[m
[32m+[m[32m0,0,0,0,0,0,0,0,0,0,0,0,0,0,0,0,0,0,0,0,0,0,0,0,0,0,0,0,0,0,0,0,0,0,0,0,0,0,0,0,0,0,0,0,0,0,0,0,[m
[32m+[m[32m0,0,0,0,0,0,0,0,0,0,0,0,0,0,0,0,0,0,0,0,0,0,0,0,0,0,0,0,0,0,0,0,0,0,0,0,0,0,0,0,0,0,0,0,0,0,0,0,[m
[32m+[m[32m0,0,0,0,0,0,0,0,0,0,0,0,0,0,0,0,0,0,0,0,0,0,0,0,0,0,0,0,0,0,0,0,0,0,0,0,0,0,0,0,0,0,0,0,0,0,0,0,[m
[32m+[m[32m0,0,0,0,0,0,0,0,0,0,0,0,0,0,0,0,0,0,0,0,0,0,0,0,0,0,0,0,0,0,0,0,0,0,0,0,0,0,0,0,0,0,0,0,0,0,0,0,[m
[32m+[m[32m0,0,0,0,0,0,0,0,0,0,0,0,0,0,0,0,0,0,0,0,0,0,0,0,0,0,0,0,0,0,0,0,0,0,0,0,0,0,0,0,0,0,0,0,0,0,0,0,[m
[32m+[m[32m0,0,0,0,0,0,0,0,0,0,0,0,0,0,0,0,0,0,0,0,0,0,0,0,0,0,0,0,0,0,0,0,0,0,0,0,0,0,0,0,0,0,0,0,0,0,0,0,[m
[32m+[m[32m0,0,0,0,0,0,0,0,0,0,0,0,0,0,0,0,0,0,0,0,0,0,0,0,0,0,0,0,0,0,0,0,0,0,0,0,0,0,0,0,0,0,0,0,0,0,0,0,[m
[32m+[m[32m0,0,0,0,0,0,0,0,0,0,0,0,0,0,0,0,0,0,0,0,0,0,0,0,0,0,0,0,0,0,0,0,0,0,0,0,0,0,0,0,0,0,0,0,0,0,0,0[m
[32m+[m[32m</data>[m
  </layer>[m
 </map>[m
[1mdiff --git a/src/scripts/scenes/gameScene.ts b/src/scripts/scenes/gameScene.ts[m
[1mindex 84e88c6..aed42a0 100644[m
[1m--- a/src/scripts/scenes/gameScene.ts[m
[1m+++ b/src/scripts/scenes/gameScene.ts[m
[36m@@ -1,19 +1,53 @@[m
[32m+[m[32mimport Player from "../objects/player";[m
[32m+[m
 export default class GameScene extends Phaser.Scene {[m
 [m
   map:Phaser.Tilemaps.Tilemap;[m
[32m+[m[32m  player:Player;[m
   constructor() {[m
     super({ key: 'GameScene' })[m
   }[m
 [m
   create() {[m
[31m-    console.log("HI");[m
     this.map = this.make.tilemap({key: "tilemap"});[m
     let tileset = this.map.addTilesetImage("tileset", "tileset");[m
     this.map.createLayer("Ground", "tileset");[m
     this.map.createLayer("Walls", "tileset");[m
[32m+[m[32m    this.player = new Player(this, 0, 0);[m
[32m+[m[32m    this.add.existing(this.player);[m
[32m+[m[32m    this.input.keyboard.on('keydown', this.keypress, this);[m
[32m+[m[32m    this.cameras.main.startFollow(this.player);[m
[32m+[m[32m  }[m
[32m+[m
[32m+[m[32m  keypress(event)[m
[32m+[m[32m  {[m
[32m+[m[32m    let newx = this.player.gridx, newy = this.player.gridy;[m
[32m+[m[32m    if (event.key === "w") {[m
[32m+[m[32m      newy = this.player.gridy - 1;[m
[32m+[m[32m    } else if (event.key === "s") {[m
[32m+[m[32m      newy = this.player.gridy + 1;[m
[32m+[m[32m    }[m
[32m+[m[32m    if (event.key === "a") {[m
[32m+[m[32m      newx = this.player.gridx - 1;[m
[32m+[m[32m    } else if (event.key === "d") {[m
[32m+[m[32m      newx = this.player.gridx + 1;[m
[32m+[m[32m    }[m
[32m+[m[32m    //check collision[m
[32m+[m[32m    let tile = this.map.getTileAt(newx, newy, false, "Walls");[m
[32m+[m[32m    if (tile === null)//empty[m
[32m+[m[32m    {[m
[32m+[m[32m      this.player.gridx = newx;[m
[32m+[m[32m      this.player.gridy = newy;[m
[32m+[m[32m    }[m
 [m
   }[m
 [m
[31m-  update() {[m
[32m+[m
[32m+[m[32m  update(time, delta) {[m
[32m+[m[32m    // console.log("time=", time, "delta=", delta);[m
[32m+[m[32m    let pos = this.map.tileToWorldXY(this.player.gridx, this.player.gridy);[m
[32m+[m[32m    this.player.x = pos.x;[m
[32m+[m[32m    this.player.y = pos.y;[m
[32m+[m
   }[m
 }[m
[1mdiff --git a/src/scripts/scenes/preloadScene.ts b/src/scripts/scenes/preloadScene.ts[m
[1mindex ebe9900..eed8faf 100644[m
[1m--- a/src/scripts/scenes/preloadScene.ts[m
[1m+++ b/src/scripts/scenes/preloadScene.ts[m
[36m@@ -5,6 +5,7 @@[m [mexport default class PreloadScene extends Phaser.Scene {[m
 [m
   preload() {[m
     this.load.image("tileset", "assets/img/tileset.png");[m
[32m+[m[32m    this.load.image("wizard", "assets/img/wizard.png");[m
     this.load.tilemapTiledJSON("tilemap", "assets/map/map1.json");[m
   }[m
 [m
